# name: debug
# type: sparse matrix
# nnz: 36
# rows: 6
# columns: 6

1 1 3868.26163
2 1 1191.94342
3 1 2974.84588
4 1 -9609.26918
5 1 58810.3544
6 1 -14010.5406
1 2 1191.94342
2 2 9067.62388
3 2 -1298.88979
4 2 -100179.153
5 2 1283.95529
6 2 -51510.2116
1 3 2974.84588
2 3 -1298.88979
3 3 3514.81221
4 3 18164.5161
5 3 54843.7702
6 3 529.660271
1 4 -9609.26918
2 4 -100179.153
3 4 18164.5161
4 4 1114710.25
5 4 43961.8248
6 4 551702.881
1 5 58810.3544
2 5 1283.95529
3 5 54843.7702
4 5 43961.8248
5 5 975568.558
6 5 -117599.847
1 6 -14010.5406
2 6 -51510.2116
3 6 529.660271
4 6 551702.881
5 6 -117599.847
6 6 328384.329
